21408.459817817897
22433.031127172886
19447.546431349336
20049.458076338273
23399.795821366013
22592.351482318987
23866.692313583455
26901.484965422707
22419.39722737323
23122.90668662062
22279.68055821865
16106.627338941065
18414.552636953125
19662.142005596197
19347.79003275112
19751.850025075557
20276.019411399702
19378.136244628447
15991.186801082282
16714.43641291839
20951.430315820002
18133.395038449617
17972.182237766538
26597.29278240371
16996.01360652221
16358.680234382824
17054.533649913265
15181.950321333532
13995.688732432942
13302.850453240662
20012.862279449244
16479.16185529022
17992.422660524284
16880.16764287151
16343.938105982148
15137.009058515052
14250.406496965476
13697.862510620247
12434.624499146863
12924.243744187777
18710.92649260753
17451.567861912627
17770.506850215494
14348.073298694528
15422.909099577435
15685.790878846628
15981.721036442272
14776.494774830822
13179.349669614037
12238.94482788429
18067.097688400438
15563.883026329457
17374.68989029811
15584.540733046344
15509.031434729688
14597.44262100541
16777.31996256006
12714.712644041161
11856.94531104398
11909.637569741933
17110.457248279232
14681.334540052581
14494.759383576175
17101.67238541968
12899.64342295449
12214.238953075474
15126.184391882422
11998.236415385378
11021.524131756705
11910.150470209497
16338.22312990496
13957.523915329486
14240.86133667107
15909.717022453846
12255.013317349794
11965.501099459067
13420.091297334098
12110.392066133069
12363.269035701862
12807.440083756994
14535.475319384854
14153.270846744601
14932.602004291339
17238.08893406481
14150.655139849
11053.703428998268
11547.459719148766
10343.211097837919
11018.351599303756
12313.93131628231
11996.765090293055
13402.237651669448
16683.928998622785
18823.53658790096
15679.323139957736
14485.308143955941
12203.560236584715
10823.845394254738
11092.388082817166
11864.383567041847
