%HEADER.ANALYSIS
'plane_stress'

%NODE
16

%NODE.COORD
16
1 0.0 3.0 0.0
2 0.0 2.0 0.0
3 0.0 1.0 0.0
4 0.0 0.0 0.0
5 1.0 3.0 0.0
6 1.0 2.0 0.0
7 1.0 1.0 0.0
8 1.0 0.0 0.0
9 2.0 3.0 0.0
10 2.0 2.0 0.0
11 2.0 1.0 0.0
12 2.0 0.0 0.0
13 3.0 3.0 0.0
14 3.0 2.0 0.0
15 3.0 1.0 0.0
16 3.0 0.0 0.0

%NODE.SUPPORT
4
1 1 1 0 0 0 0
2 1 1 0 0 0 0
3 1 1 0 0 0 0
4 1 1 0 0 0 0

%MATERIAL
1

%MATERIAL.LABEL
1
1 'M1'

%MATERIAL.ISOTROPIC
1
1 206000.0 0.3

%THICKNESS
1
1 1.0

%ELEMENT
8

%ELEMENT.Q4
8
1 1 1 3 1 2 6 5
2 1 1 3 2 3 7 6
3 1 1 3 3 4 8 7
4 1 1 3 5 6 10 9
5 1 1 3 7 8 12 11
6 1 1 3 9 10 14 13
7 1 1 3 10 11 15 14
8 1 1 3 11 12 16 15

%LOAD.CASE.LINE.FORCE.UNIFORM
2
1 5 6 0 50.0 0 0
2 6 7 0 50.0 0 0

%END