2768.4743558044247
2397.1515845058707
1883.305328803753
1122.3644429746998
502.9922842834493
393.5201199200129
695.2833771718848
1005.5114516201762
1248.1966400892463
1419.089451466555
1521.2795207950244
1558.4086793811266
1532.6670173712268
1444.139952514166
1290.4100742037413
1058.8592906452945
2597.2034503114933
2468.7713868642522
2062.6353699225424
1380.0024816731398
746.8355859236881
584.8482010238087
797.9791610647579
1077.7897838921265
1313.8415997593331
1485.1995305024257
1591.3893556930213
1637.1155354437556
1627.9871865887678
1569.0801592483822
1467.1561575828637
1346.3827558526511
2486.9198968848896
2378.126256860455
2140.895652491517
1558.6559921344447
926.7907392665511
666.7376083283792
831.2340541649207
1110.1130205257741
1364.857302850205
1559.3391728734368
1687.941000987682
1756.035692029485
1772.6134921807954
1747.47760009961
1689.1744869824815
1604.7213987309515
2455.0906624495974
2333.2151979260116
2141.223184446777
1589.462338765035
1031.590046647308
669.9519220443239
778.7196424244166
1071.9473526647846
1365.5761119717608
1605.8288196858118
1778.5395789071315
1885.2808720060484
1937.4044111685766
1948.1451801315807
1931.1577986540583
1893.9623010912794
2482.5036269907823
2367.2632189830024
2032.5193029604377
1568.9112119149963
1080.7856873420465
701.5612639140268
706.1524110925262
997.1331933006396
1328.6064003614208
1621.2121472004706
1848.2042726070902
2005.1979132148638
2099.5173221631935
2149.7026569999807
2172.4117557255067
2189.269921305798
2476.3990313386316
2340.639735819279
2015.3536953989317
1546.5128585863022
1094.0606937207178
736.3807673310307
682.9044587809484
949.4046926778303
1306.4315329242327
1650.5555828924664
1943.1290652818325
2146.09097725364
2259.0150696077853
2321.875450145421
2367.420984877598
2408.3110904024134
2477.7846149995753
2285.6692439465646
2015.4594940213356
1511.6763824825282
1083.982366695036
762.392609100126
708.6182680894083
956.4688102595012
1326.4891862910235
1724.452406637223
2102.1997057496
2236.169278555961
2257.171774741055
2371.3923656409256
2476.573186104229
2494.974552225396
2444.3586174108177
2245.99061766728
1954.2577315162025
1477.465066531793
1080.3928710090959
801.9445980674474
766.9706984211259
998.7341404391179
1365.7994087970706
1796.541969547147
2070.1528798573386
2151.9627378070313
2273.8119000962547
2452.175802158071
2595.726427325748
2670.4334594781903
2511.8424697474343
2184.1942150284012
1824.2860224544447
1444.8884905999782
1106.4237693468815
877.1829678675969
854.1131517699562
1053.561861389905
1386.798802920768
1785.1796415066062
2132.3348576729263
2152.137290939315
2286.9566562847263
2505.4165185263373
2643.4000638901707
2725.1576677360913
2414.4935497365245
2073.456952175593
1713.4578640394075
1396.2880107069075
1130.8698321497936
964.2094635005571
957.7236378244608
1121.7275753033905
1406.4104499649854
1765.4153893077682
2144.608155849305
2158.8412861177344
2306.5922660511524
2516.443072708205
2671.271497885671
2765.765798246732
2270.4509589514064
1902.6584149380267
1580.439086071513
1320.5856339710422
1134.5377866429635
1042.7649742045826
1067.0967739449588
1205.992179894885
1438.164879482566
1743.490035472994
2114.2189979136324
2159.0850855585995
2306.0759307390754
2503.771051834002
2672.258688378947
2778.6006325421326
2034.280603806076
1697.0037365723897
1426.7442786861568
1235.1247578153275
1134.2832393740373
1123.2045851437756
1188.353051204591
1314.5354261513676
1493.8239899550629
1725.5511825053188
2010.728644548144
2261.266858515373
2294.7711786770337
2440.12455970116
2591.4599133408733
2780.7339577196753
1746.7772646546964
1441.0581319655982
1224.4495552197934
1123.04340450134
1130.7800985026072
1212.2462292048756
1329.2907744302627
1460.1614421814957
1600.4678297630153
1758.4374418714765
1949.8994130612255
2191.602346364101
2323.32083527761
2390.6896595813764
2512.900252728692
2700.1487958736952
1446.5890755212172
1139.283969520742
982.2195448325293
1003.6365402799479
1142.2492499960672
1319.2138332924237
1491.2503466761075
1641.3079854548105
1765.8875735437189
1870.4650154755227
1968.9115113829569
2083.8001084942457
2240.7717979335284
2455.7572369372388
2397.73335990094
2530.787958430182
1134.2093290546443
813.8435575669484
833.5205163595846
1045.4182189883913
1289.392262996586
1511.9792076909491
1699.9404804361748
1850.6141270378153
1964.148035320912
2041.8866494524773
2087.2898251607435
2108.7119353193534
2125.398510526964
2171.857949518967
2331.833550239866
2348.4832640353734
578.1350510610088
1048.9556883730324
1419.4776783695786
1685.538970690694
1875.8665913615855
2011.043122649655
2104.626717545388
2165.4675201200116
2199.218060846063
2209.1621642615487
2196.630346209744
2161.3960632749086
2102.3926942185003
2021.8979478404974
1932.4118417129462
1906.5391590073268
